Timestep,molecue_count,C26+Mass,percentage,Mass_total
300027, 0, 0.0, 0.0, 12129.558
301000, 0, 0.0, 0.0, 12129.558
302000, 0, 0.0, 0.0, 12129.558
303000, 0, 0.0, 0.0, 12129.558
304000, 0, 0.0, 0.0, 12129.558
305000, 1, 502.60268, 0.04143619083234525, 12129.558
306000, 1, 502.60268, 0.04143619083234525, 12129.558
307000, 0, 0.0, 0.0, 12129.558
308000, 0, 0.0, 0.0, 12129.558
309000, 0, 0.0, 0.0, 12129.558
310000, 0, 0.0, 0.0, 12129.558
311000, 0, 0.0, 0.0, 12129.558
312000, 0, 0.0, 0.0, 12129.558
313000, 0, 0.0, 0.0, 12129.558
314000, 0, 0.0, 0.0, 12129.558
315000, 0, 0.0, 0.0, 12129.558
316000, 1, 502.60268, 0.04143619083234525, 12129.558
317000, 2, 997.18336, 0.08221102203394386, 12129.558
318000, 2, 997.18336, 0.08221102203394386, 12129.558
319000, 2, 997.18336, 0.08221102203394386, 12129.558
320000, 2, 997.18336, 0.08221102203394386, 12129.558
321000, 1, 502.60268, 0.04143619083234525, 12129.558
322000, 1, 502.60268, 0.04143619083234525, 12129.558
323000, 0, 0.0, 0.0, 12129.558
324000, 0, 0.0, 0.0, 12129.558
325000, 0, 0.0, 0.0, 12129.558
326000, 0, 0.0, 0.0, 12129.558
327000, 0, 0.0, 0.0, 12129.558
328000, 0, 0.0, 0.0, 12129.558
329000, 0, 0.0, 0.0, 12129.558
330000, 0, 0.0, 0.0, 12129.558
331000, 0, 0.0, 0.0, 12129.558
332000, 0, 0.0, 0.0, 12129.558
333000, 0, 0.0, 0.0, 12129.558
334000, 0, 0.0, 0.0, 12129.558
335000, 0, 0.0, 0.0, 12129.558
336000, 0, 0.0, 0.0, 12129.558
337000, 0, 0.0, 0.0, 12129.558
338000, 0, 0.0, 0.0, 12129.558
339000, 0, 0.0, 0.0, 12129.558
340000, 0, 0.0, 0.0, 12129.558
341000, 0, 0.0, 0.0, 12129.558
342000, 0, 0.0, 0.0, 12129.558
343000, 0, 0.0, 0.0, 12129.558
344000, 0, 0.0, 0.0, 12129.558
345000, 0, 0.0, 0.0, 12129.558
346000, 0, 0.0, 0.0, 12129.558
347000, 0, 0.0, 0.0, 12129.558
348000, 0, 0.0, 0.0, 12129.558
349000, 0, 0.0, 0.0, 12129.558
350000, 0, 0.0, 0.0, 12129.558
351000, 0, 0.0, 0.0, 12129.558
352000, 0, 0.0, 0.0, 12129.558
353000, 0, 0.0, 0.0, 12129.558
354000, 0, 0.0, 0.0, 12129.558
355000, 0, 0.0, 0.0, 12129.558
356000, 0, 0.0, 0.0, 12129.558
357000, 0, 0.0, 0.0, 12129.558
358000, 0, 0.0, 0.0, 12129.558
359000, 0, 0.0, 0.0, 12129.558
360000, 0, 0.0, 0.0, 12129.558
361000, 0, 0.0, 0.0, 12129.558
362000, 1, 452.544, 0.037309191315957266, 12129.558
363000, 1, 452.544, 0.037309191315957266, 12129.558
364000, 1, 452.544, 0.037309191315957266, 12129.558
365000, 1, 452.544, 0.037309191315957266, 12129.558
366000, 1, 452.544, 0.037309191315957266, 12129.558
367000, 1, 452.544, 0.037309191315957266, 12129.558
368000, 1, 452.544, 0.037309191315957266, 12129.558
369000, 1, 452.544, 0.037309191315957266, 12129.558
370000, 2, 905.088, 0.07461838263191453, 12129.558
371000, 1, 452.544, 0.037309191315957266, 12129.558
372000, 1, 452.544, 0.037309191315957266, 12129.558
373000, 1, 452.544, 0.037309191315957266, 12129.558
374000, 1, 452.544, 0.037309191315957266, 12129.558
375000, 1, 452.544, 0.037309191315957266, 12129.558
376000, 1, 452.544, 0.037309191315957266, 12129.558
377000, 1, 452.544, 0.037309191315957266, 12129.558
378000, 1, 452.544, 0.037309191315957266, 12129.558
379000, 2, 973.16196, 0.08023062010998257, 12129.558
380000, 1, 452.544, 0.037309191315957266, 12129.558
381000, 1, 452.544, 0.037309191315957266, 12129.558
382000, 1, 452.544, 0.037309191315957266, 12129.558
383000, 1, 452.544, 0.037309191315957266, 12129.558
384000, 1, 452.544, 0.037309191315957266, 12129.558
385000, 1, 452.544, 0.037309191315957266, 12129.558
386000, 1, 452.544, 0.037309191315957266, 12129.558
387000, 1, 452.544, 0.037309191315957266, 12129.558
388000, 1, 451.53606, 0.03722609348172456, 12129.558
389000, 1, 451.53606, 0.03722609348172456, 12129.558
390000, 2, 903.07212, 0.07445218696344912, 12129.558
391000, 2, 903.07212, 0.07445218696344912, 12129.558
392000, 2, 903.07212, 0.07445218696344912, 12129.558
393000, 2, 903.07212, 0.07445218696344912, 12129.558
394000, 2, 903.07212, 0.07445218696344912, 12129.558
395000, 2, 903.07212, 0.07445218696344912, 12129.558
396000, 2, 903.07212, 0.07445218696344912, 12129.558
397000, 2, 903.07212, 0.07445218696344912, 12129.558
398000, 2, 903.07212, 0.07445218696344912, 12129.558
399000, 2, 903.07212, 0.07445218696344912, 12129.558
400000, 2, 903.07212, 0.07445218696344912, 12129.558
401000, 2, 903.07212, 0.07445218696344912, 12129.558
402000, 2, 903.07212, 0.07445218696344912, 12129.558
403000, 2, 903.07212, 0.07445218696344912, 12129.558
404000, 2, 903.07212, 0.07445218696344912, 12129.558
405000, 2, 903.07212, 0.07445218696344912, 12129.558
406000, 2, 903.07212, 0.07445218696344912, 12129.558
407000, 2, 903.07212, 0.07445218696344912, 12129.558
408000, 2, 903.07212, 0.07445218696344912, 12129.558
409000, 1, 451.53606, 0.03722609348172456, 12129.558
410000, 1, 451.53606, 0.03722609348172456, 12129.558
411000, 1, 451.53606, 0.03722609348172456, 12129.558
412000, 1, 451.53606, 0.03722609348172456, 12129.558
413000, 1, 451.53606, 0.03722609348172456, 12129.558
414000, 1, 451.53606, 0.03722609348172456, 12129.558
415000, 1, 451.53606, 0.03722609348172456, 12129.558
416000, 1, 451.53606, 0.03722609348172456, 12129.558
417000, 1, 451.53606, 0.03722609348172456, 12129.558
418000, 1, 451.53606, 0.03722609348172456, 12129.558
419000, 1, 451.53606, 0.03722609348172456, 12129.558
420000, 1, 451.53606, 0.03722609348172456, 12129.558
421000, 1, 451.53606, 0.03722609348172456, 12129.558
422000, 1, 451.53606, 0.03722609348172456, 12129.558
423000, 1, 451.53606, 0.03722609348172456, 12129.558
424000, 1, 451.53606, 0.03722609348172456, 12129.558
425000, 1, 451.53606, 0.03722609348172456, 12129.558
426000, 1, 451.53606, 0.03722609348172456, 12129.558
427000, 1, 451.53606, 0.03722609348172456, 12129.558
428000, 1, 451.53606, 0.03722609348172456, 12129.558
429000, 1, 451.53606, 0.03722609348172456, 12129.558
430000, 1, 451.53606, 0.03722609348172456, 12129.558
431000, 1, 451.53606, 0.03722609348172456, 12129.558
432000, 1, 451.53606, 0.03722609348172456, 12129.558
433000, 1, 451.53606, 0.03722609348172456, 12129.558
434000, 1, 451.53606, 0.03722609348172456, 12129.558
435000, 1, 451.53606, 0.03722609348172456, 12129.558
436000, 1, 451.53606, 0.03722609348172456, 12129.558
437000, 1, 451.53606, 0.03722609348172456, 12129.558
438000, 1, 451.53606, 0.03722609348172456, 12129.558
439000, 1, 451.53606, 0.03722609348172456, 12129.558
440000, 1, 451.53606, 0.03722609348172456, 12129.558
441000, 1, 451.53606, 0.03722609348172456, 12129.558
442000, 1, 451.53606, 0.03722609348172456, 12129.558
443000, 1, 451.53606, 0.03722609348172456, 12129.558
444000, 1, 451.53606, 0.03722609348172456, 12129.558
445000, 1, 451.53606, 0.03722609348172456, 12129.558
446000, 1, 451.53606, 0.03722609348172456, 12129.558
447000, 1, 451.53606, 0.03722609348172456, 12129.558
448000, 1, 451.53606, 0.03722609348172456, 12129.558
449000, 1, 451.53606, 0.03722609348172456, 12129.558
450000, 1, 451.53606, 0.03722609348172456, 12129.558
451000, 1, 451.53606, 0.03722609348172456, 12129.558
452000, 1, 451.53606, 0.03722609348172456, 12129.558
453000, 1, 451.53606, 0.03722609348172456, 12129.558
454000, 1, 451.53606, 0.03722609348172456, 12129.558
455000, 1, 451.53606, 0.03722609348172456, 12129.558
456000, 2, 978.16014, 0.08064268623803109, 12129.558
457000, 2, 978.16014, 0.08064268623803109, 12129.558
458000, 2, 978.16014, 0.08064268623803109, 12129.558
459000, 2, 978.16014, 0.08064268623803109, 12129.558
460000, 2, 978.16014, 0.08064268623803109, 12129.558
461000, 2, 978.16014, 0.08064268623803109, 12129.558
462000, 2, 978.16014, 0.08064268623803109, 12129.558
463000, 2, 978.16014, 0.08064268623803109, 12129.558
464000, 2, 978.16014, 0.08064268623803109, 12129.558
465000, 1, 451.53606, 0.03722609348172456, 12129.558
466000, 2, 978.16014, 0.08064268623803109, 12129.558
467000, 2, 978.16014, 0.08064268623803109, 12129.558
468000, 2, 978.16014, 0.08064268623803109, 12129.558
469000, 1, 451.53606, 0.03722609348172456, 12129.558
470000, 1, 451.53606, 0.03722609348172456, 12129.558
471000, 1, 451.53606, 0.03722609348172456, 12129.558
472000, 1, 451.53606, 0.03722609348172456, 12129.558
473000, 1, 451.53606, 0.03722609348172456, 12129.558
474000, 1, 451.53606, 0.03722609348172456, 12129.558
475000, 1, 451.53606, 0.03722609348172456, 12129.558
476000, 1, 451.53606, 0.03722609348172456, 12129.558
