id type xs ys zs 
904 1 0.045827 0.0962654 0.122685 
905 1 0.0820698 0.0907084 0.109621 
908 1 0.0880861 0.0963518 0.0779443 
899 1 0.110994 0.0819534 0.129734 
907 1 0.120456 0.108487 0.0670684 
781 1 0.161198 0.0091352 0.0160071 
920 2 0.0651836 0.100573 0.0604319 
919 2 0.0257498 0.104727 0.109837 
900 1 0.147499 0.0835476 0.118351 
906 1 0.150147 0.102074 0.0867699 
909 1 0.121179 0.12927 0.0389931 
795 2 0.159321 0.0123384 0.0688916 
910 1 0.148712 0.146016 0.0295083 
921 2 0.0999472 0.132821 0.0244012 
922 2 0.15088 0.160956 0.00758124 
204 1 0.0562773 0.162201 0.133852 
780 1 0.155823 0.043203 0.00543171 
791 2 0.151419 0.0632787 0.0259799 
916 2 0.201259 0.0808813 0.133536 
901 1 0.176172 0.0758912 0.140237 
912 1 0.180032 0.114517 0.0740096 
924 2 0.203517 0.106646 0.0830772 
911 1 0.17903 0.138334 0.0462753 
923 2 0.199452 0.151505 0.0356545 
27 2 0.374779 0.116355 0.0165724 
26 1 0.412618 0.079797 0.010815 
25 1 0.39384 0.0994062 0.0133847 
28 2 0.429357 0.0596672 0.0128297 
63 2 0.129802 0.152309 0.0982722 
61 1 0.120491 0.175467 0.0969546 
62 1 0.111884 0.202219 0.0955014 
64 2 0.100368 0.226901 0.0949065 
206 2 0.0453786 0.166106 0.111326 
894 1 0.0879586 0.0439489 0.221263 
893 1 0.0612677 0.0505924 0.201162 
895 1 0.121642 0.0436101 0.209757 
913 2 0.0365298 0.0405216 0.210148 
896 1 0.132037 0.0567141 0.18019 
898 1 0.0676826 0.0653904 0.168884 
203 1 0.0673846 0.155374 0.160703 
918 2 0.0193435 0.0862913 0.168193 
903 1 0.0411685 0.0834591 0.153446 
897 1 0.104633 0.06549 0.158562 
202 1 0.0765771 0.136407 0.185856 
914 2 0.0837307 0.0303257 0.245394 
915 2 0.13892 0.0387553 0.227242 
201 1 0.0828373 0.11738 0.206459 
205 2 0.0876573 0.101867 0.227964 
917 2 0.184118 0.0593517 0.187821 
902 1 0.166112 0.0631256 0.169479 
757 2 0.43017 0.0311809 0.259477 
759 2 0.436751 0.0927381 0.254893 
742 1 0.380932 0.0312451 0.277245 
184 2 0.0815712 0.162974 0.250628 
752 1 0.359719 0.154078 0.270264 
751 1 0.386209 0.133904 0.271381 
753 1 0.329934 0.141294 0.285877 
745 1 0.386881 0.0983379 0.273064 
762 2 0.408313 0.146367 0.266057 
746 1 0.415015 0.0804543 0.263168 
741 1 0.410543 0.0443178 0.266308 
183 2 0.0715996 0.238956 0.24266 
182 1 0.0816393 0.1882 0.246588 
181 1 0.0774466 0.214765 0.244589 
218 2 0.41781 0.354508 0.224839 
763 2 0.359145 0.178232 0.263549 
23 2 0.0134107 0.481093 0.26818 
758 2 0.381912 0.0049326 0.280753 
217 2 0.4686 0.486533 0.194747 
215 1 0.436306 0.406595 0.209075 
214 1 0.444893 0.435772 0.20238 
216 1 0.428821 0.377294 0.217066 
213 1 0.459056 0.461841 0.199213 
744 1 0.354408 0.083837 0.283004 
605 1 0.0576565 0.0570107 0.381746 
602 1 0.129021 0.0438874 0.389139 
604 1 0.0839694 0.0664138 0.35867 
619 2 0.153648 0.0440604 0.397297 
603 1 0.118003 0.0612258 0.361627 
620 2 0.134522 0.0685225 0.343416 
610 1 0.0780214 0.0835074 0.327916 
622 2 0.0993355 0.0901978 0.31585 
609 1 0.0468661 0.0982575 0.324141 
472 1 0.151915 0.154843 0.39299 
484 2 0.137237 0.158617 0.370102 
607 1 0.0247121 0.0725547 0.377311 
608 1 0.0207902 0.088328 0.345636 
601 1 0.104038 0.0327191 0.411653 
606 1 0.0681558 0.0394732 0.410095 
473 1 0.168803 0.122869 0.390833 
485 2 0.170127 0.111906 0.367524 
621 2 0.043443 0.11251 0.302935 
750 1 0.320996 0.0359745 0.301697 
1053 2 0.0195255 0.21577 0.368797 
764 2 0.254832 0.106667 0.332801 
754 1 0.277111 0.114825 0.322131 
755 1 0.28272 0.150009 0.31843 
756 1 0.30593 0.163482 0.29602 
749 1 0.299056 0.0574803 0.315435 
748 1 0.29946 0.0946261 0.308666 
760 2 0.278852 0.0488202 0.32918 
128 2 0.497505 0.037641 0.348328 
890 2 0.223242 0.0298796 0.353627 
761 2 0.317514 0.0112004 0.300075 
887 1 0.224235 0.00521074 0.361715 
488 2 0.21419 0.042982 0.397682 
474 1 0.18249 0.112687 0.421034 
477 1 0.223394 0.0547053 0.417935 
747 1 0.32899 0.10576 0.292612 
765 1 0.263968 0.166546 0.346913 
767 2 0.30874 0.188352 0.291311 
768 2 0.241229 0.185788 0.389193 
31 2 0.261304 0.447924 0.420692 
471 1 0.151136 0.17734 0.417218 
483 2 0.136557 0.198768 0.416837 
766 1 0.253186 0.178599 0.368139 
1054 3 0.00933534 0.220282 0.389708 
743 1 0.352033 0.0486077 0.286052 
617 1 0.0628548 0.0266543 0.473279 
616 1 0.0969813 0.0219204 0.471992 
618 1 0.0498479 0.0374904 0.442995 
650 2 0.0918197 0.0742731 0.50867 
628 2 0.0483569 0.028298 0.499053 
41 1 0.0152591 0.0452514 0.449185 
639 1 0.106316 0.0612171 0.525399 
641 1 0.160699 0.0386555 0.547279 
651 2 0.151104 0.066531 0.502439 
640 1 0.138426 0.0562149 0.522458 
647 2 0.0421584 0.0542357 0.529044 
43 2 0.00990464 0.0377167 0.474318 
633 1 0.0903777 0.0403179 0.55084 
634 1 0.0547338 0.0381716 0.546082 
468 1 0.169084 0.167202 0.447786 
615 1 0.117083 0.0254461 0.443747 
626 2 0.141747 0.0187059 0.445893 
478 1 0.206451 0.0839602 0.432314 
596 2 0.241216 0.005341 0.489007 
479 2 0.278679 0.0927027 0.52342 
655 2 0.206603 0.0681351 0.537037 
475 1 0.261014 0.0538296 0.469593 
467 1 0.185249 0.137542 0.446529 
466 1 0.22149 0.0945891 0.462608 
476 1 0.251104 0.0424502 0.438169 
465 1 0.206166 0.124339 0.470278 
461 1 0.247469 0.0822475 0.483865 
486 2 0.278517 0.0415641 0.484109 
462 1 0.258846 0.101514 0.512018 
644 1 0.194892 0.047591 0.549698 
654 1 0.27717 0.035236 0.571018 
1 1 0.402728 0.495849 0.476866 
627 2 0.106933 0.0160232 0.494884 
463 1 0.237495 0.128886 0.521225 
464 1 0.212167 0.142465 0.499781 
480 2 0.244115 0.140123 0.543398 
833 1 0.476784 0.144177 0.537907 
837 2 0.457004 0.135069 0.522968 
834 1 0.473374 0.152147 0.567733 
481 2 0.164334 0.207478 0.479773 
469 1 0.174531 0.183685 0.478013 
66 1 0.181117 0.244019 0.560896 
68 2 0.203819 0.254554 0.551376 
470 1 0.194704 0.173437 0.50335 
482 2 0.195524 0.186342 0.525655 
191 2 0.462389 0.399521 0.563669 
296 2 0.502951 0.249924 0.522977 
836 2 0.500346 0.147098 0.525487 
487 2 0.262932 0.0212889 0.430295 
3 2 0.406813 0.487182 0.454131 
30 1 0.282803 0.494195 0.433387 
29 1 0.271051 0.471341 0.427348 
645 2 0.020545 0.002798 0.556392 
190 1 0.493681 0.430584 0.534807 
189 1 0.478315 0.41426 0.550059 
629 1 0.0436707 0.0109021 0.566498 
656 2 0.304027 0.0373294 0.566611 
65 1 0.157275 0.234646 0.569764 
632 1 0.108808 0.0197029 0.574165 
635 1 0.143949 0.0264722 0.57467 
642 1 0.19578 0.0118112 0.602123 
714 1 0.428208 0.0953415 0.699095 
729 2 0.398822 0.0541232 0.690722 
718 1 0.385338 0.0903242 0.654826 
716 1 0.41356 0.141903 0.664715 
723 1 0.388154 0.127287 0.605685 
734 2 0.380342 0.108468 0.590813 
717 1 0.397256 0.121369 0.641787 
731 2 0.363613 0.0818347 0.645459 
713 1 0.402538 0.0768181 0.683592 
715 1 0.434898 0.128722 0.69121 
835 1 0.474526 0.159238 0.598842 
491 1 0.454992 0.49899 0.640993 
67 2 0.133365 0.230388 0.57837 
1061 2 0.268524 0.274302 0.589911 
86 1 0.22972 0.30955 0.600834 
1062 3 0.242525 0.277474 0.595578 
85 1 0.215447 0.339567 0.605845 
721 1 0.467501 0.177823 0.693989 
724 1 0.386433 0.159397 0.59964 
725 1 0.408682 0.184569 0.618248 
719 1 0.420138 0.174109 0.651239 
728 1 0.427763 0.207163 0.601924 
739 2 0.429116 0.209855 0.575286 
738 1 0.473453 0.281423 0.595949 
727 1 0.448212 0.228259 0.624608 
720 1 0.448348 0.190443 0.666431 
726 1 0.451431 0.224074 0.658357 
737 1 0.463034 0.259704 0.608024 
736 2 0.46287 0.242104 0.672186 
636 1 0.162482 0.00454085 0.596162 
802 2 0.110544 0.473399 0.581044 
798 1 0.137604 0.44854 0.624535 
799 1 0.122929 0.462864 0.600426 
88 2 0.205973 0.342874 0.629078 
800 2 0.172583 0.429559 0.655529 
801 2 0.130653 0.416091 0.663034 
797 1 0.146901 0.432787 0.651124 
653 1 0.249619 0.0337454 0.574964 
740 2 0.486271 0.303592 0.583293 
508 2 0.446158 0.475555 0.637864 
722 1 0.461019 0.146756 0.705417 
838 2 0.471494 0.165438 0.624359 
732 2 0.484752 0.192326 0.707059 
87 2 0.219773 0.358086 0.589999 
643 1 0.210838 0.0347151 0.578384 
652 2 0.211736 -0.000719397 0.619936 
735 2 0.375169 0.168147 0.578409 
93 1 0.315693 0.14688 0.817819 
94 1 0.288944 0.146798 0.816876 
96 2 0.263546 0.148755 0.815808 
95 2 0.341306 0.147263 0.820074 
730 2 0.443117 0.0823986 0.715381 
572 2 0.490018 0.4206 0.803243 
733 2 0.47515 0.134405 0.722551 
955 2 0.497716 0.0142008 0.791659 
981 2 0.0357237 0.478396 0.849793 
162 1 0.382076 0.41318 0.755942 
186 1 0.42841 0.329923 0.801525 
185 1 0.404233 0.319443 0.795215 
187 2 0.383264 0.305362 0.79088 
261 1 0.497539 0.301373 0.733078 
265 2 0.486195 0.318745 0.71739 
980 2 0.0583701 0.438395 0.809224 
964 1 0.108064 0.443264 0.824241 
988 2 0.0900597 0.429398 0.763625 
970 1 0.125754 0.423252 0.800072 
972 1 0.173472 0.411047 0.835894 
986 2 0.172283 0.376315 0.726945 
975 1 0.130481 0.405872 0.739975 
971 1 0.159212 0.409914 0.803536 
973 1 0.174004 0.390722 0.778247 
985 2 0.19472 0.379169 0.787018 
974 1 0.161181 0.389473 0.74519 
976 1 0.112292 0.420433 0.767505 
987 2 0.11974 0.410515 0.719081 
965 1 0.0735601 0.450878 0.825578 
984 2 0.19598 0.396811 0.836964 
163 2 0.393456 0.458925 0.77935 
161 1 0.385478 0.438353 0.76545 
561 1 0.497099 0.41885 0.778576 
571 2 0.485482 0.469043 0.761493 
560 1 0.493961 0.445343 0.754849 
188 2 0.453688 0.329795 0.805654 
164 2 0.383261 0.388691 0.747326 
966 1 0.0607241 0.471525 0.850069 
963 1 0.129389 0.449022 0.853196 
829 1 0.0806806 0.0978737 0.968115 
828 1 0.0982002 0.122314 0.961 
827 1 0.117492 0.146244 0.957829 
832 2 0.0672025 0.0739279 0.971505 
830 2 0.117493 0.165 0.937515 
785 2 0.162303 0.0119014 0.862657 
769 1 0.165024 0.0079155 0.888593 
787 2 0.160567 0.0554769 0.904555 
774 1 0.165162 0.0322728 0.912278 
12 2 0.18596 0.337276 0.96233 
773 1 0.169247 0.0247866 0.946406 
831 2 0.137259 0.14856 0.97414 
779 1 0.159725 0.0497646 0.971773 
790 2 0.154423 0.0733513 0.962453 
9 1 0.227358 0.315453 0.938565 
11 2 0.245787 0.30026 0.92638 
977 2 0.138929 0.491805 0.953722 
957 1 0.122249 0.485939 0.935364 
961 1 0.11584 0.463294 0.878352 
962 1 0.134376 0.469884 0.906989 
982 2 0.176763 0.459893 0.938122 
968 1 0.179071 0.435629 0.891271 
960 1 0.0818745 0.478043 0.877408 
983 2 0.202938 0.425604 0.894125 
10 1 0.205847 0.327103 0.950551 
967 1 0.164777 0.453608 0.915953 
959 1 0.0684689 0.493353 0.90692 
969 1 0.15891 0.430155 0.861612 
375 2 0.495838 0.0860766 0.981914 
83 2 0.182833 0.601999 0.00846605 
377 1 0.418151 0.898502 0.00909685 
226 1 0.333452 0.649789 0.120234 
225 1 0.335032 0.630898 0.139625 
284 2 0.106802 0.750949 0.134862 
1015 2 0.319145 0.835661 0.0319442 
227 1 0.321367 0.677372 0.0970258 
228 1 0.308795 0.697728 0.0846924 
230 2 0.294497 0.715873 0.0744061 
1000 1 0.329881 0.816947 0.0182902 
1018 2 0.452347 0.795956 0.13116 
1002 1 0.423429 0.78258 0.0433037 
1017 2 0.41966 0.838216 0.107661 
1016 2 0.367486 0.843971 0.0593912 
1005 1 0.424939 0.818273 0.0935153 
1004 1 0.382763 0.826931 0.0491689 
1003 1 0.410505 0.811168 0.0618933 
1008 1 0.434378 0.756694 0.0628598 
1006 1 0.44162 0.792747 0.107424 
1001 1 0.365576 0.811303 0.0222344 
1019 2 0.451677 0.739454 0.110484 
1020 2 0.435545 0.733136 0.0521977 
1007 1 0.445339 0.759588 0.0948407 
996 1 0.417061 0.77962 0.00901531 
783 1 0.171751 0.963268 0.0578795 
792 2 0.177318 0.915553 0.0400829 
782 1 0.181096 0.938994 0.0340842 
378 1 0.397174 0.915415 0.0314058 
793 1 0.166624 0.944587 0.091981 
794 1 0.162062 0.93237 0.116103 
796 2 0.156769 0.920548 0.139687 
395 2 0.40894 0.926654 0.0508884 
379 1 0.362576 0.91501 0.0276811 
402 2 0.468806 0.902834 0.0288303 
391 1 0.453371 0.89324 0.0109241 
396 2 0.349374 0.928562 0.0449089 
398 2 0.294918 0.894519 0.0118812 
784 1 0.166339 0.996964 0.0496232 
111 2 0.0398877 0.954631 -0.000723552 
776 1 0.180985 0.950448 0.000204148 
119 2 0.033498 0.572857 0.2185 
117 1 0.0239761 0.583121 0.197662 
275 1 0.491072 0.634405 0.178709 
118 1 0.0133512 0.594114 0.175544 
102 1 0.124426 0.506104 0.28368 
22 1 0.0413938 0.52446 0.255562 
120 2 0.00149287 0.602907 0.153356 
24 2 0.0518678 0.545579 0.246813 
104 2 0.111413 0.495377 0.263641 
229 2 0.334489 0.614916 0.158285 
276 1 0.48273 0.660212 0.173379 
283 2 0.097084 0.832521 0.244455 
280 1 0.116526 0.803414 0.201824 
282 1 0.121346 0.766357 0.149879 
281 1 0.12459 0.787107 0.175532 
279 1 0.103937 0.817402 0.226556 
198 1 0.0193454 0.763049 0.266751 
197 1 0.0271715 0.743647 0.249775 
199 2 0.0401878 0.732858 0.231568 
854 2 0.356031 0.67152 0.234767 
853 1 0.413326 0.719922 0.272994 
278 2 0.477416 0.685667 0.171145 
856 2 0.434393 0.729995 0.258034 
851 1 0.355904 0.693255 0.250156 
852 1 0.385785 0.702229 0.261165 
855 2 0.333513 0.708831 0.251418 
21 1 0.0266086 0.504293 0.263949 
200 2 0.0150766 0.782613 0.281633 
520 1 0.125625 0.623563 0.40253 
526 1 0.0993375 0.630549 0.38145 
538 2 0.106392 0.640853 0.359068 
525 1 0.0673814 0.617183 0.385688 
537 2 0.0473645 0.623647 0.3695 
539 2 0.0146121 0.580721 0.394278 
524 1 0.0596841 0.599078 0.415471 
527 1 0.030793 0.579685 0.414553 
101 1 0.1361 0.516784 0.305994 
519 1 0.156294 0.628607 0.386124 
536 2 0.155836 0.637652 0.364117 
518 1 0.184511 0.613156 0.402907 
535 2 0.20562 0.604281 0.392138 
103 2 0.146701 0.526887 0.32739 
582 1 0.223779 0.874603 0.430108 
891 2 0.202258 0.991526 0.363187 
315 1 0.155687 0.719483 0.364914 
319 2 0.13082 0.712048 0.365662 
316 1 0.180948 0.730985 0.369189 
320 2 0.269355 0.734093 0.382803 
318 1 0.243248 0.731566 0.376158 
317 1 0.216081 0.734225 0.373374 
892 2 0.304132 0.992508 0.386678 
242 2 0.0146436 0.99225 0.398835 
240 1 0.00967586 0.989622 0.42634 
889 1 0.279833 0.988803 0.379716 
594 2 0.22415 0.862164 0.408503 
593 2 0.23889 0.916466 0.405938 
888 1 0.250204 0.991118 0.372269 
171 2 0.0485619 0.708244 0.405591 
169 1 0.0641886 0.704255 0.427694 
528 1 0.0229174 0.5627 0.443738 
529 1 0.0414483 0.566407 0.472755 
541 2 0.0382819 0.548596 0.492695 
530 1 0.0714976 0.587492 0.474592 
193 1 0.0853246 0.591658 0.507971 
523 1 0.083827 0.598999 0.44312 
194 1 0.117405 0.598431 0.514769 
196 2 0.124955 0.60089 0.539428 
522 1 0.146114 0.605093 0.455909 
534 1 0.145878 0.597988 0.491353 
195 2 0.0711538 0.588079 0.529591 
521 1 0.117287 0.609572 0.434608 
533 1 0.177722 0.592794 0.504176 
544 2 0.180636 0.590183 0.529651 
532 1 0.204684 0.581191 0.483995 
531 1 0.206726 0.589631 0.451785 
543 2 0.226706 0.57079 0.49306 
542 2 0.229874 0.586305 0.435479 
517 1 0.178767 0.605615 0.437702 
156 2 0.357443 0.560972 0.503024 
2 1 0.371312 0.512507 0.477527 
4 2 0.352986 0.505415 0.46475 
154 1 0.366312 0.538828 0.508293 
238 1 0.00341739 0.981631 0.491733 
153 1 0.364389 0.525201 0.536134 
155 2 0.360873 0.516863 0.560079 
598 2 0.155096 0.792346 0.532244 
32 2 0.28937 0.518829 0.440366 
587 1 0.169791 0.813297 0.538568 
583 1 0.235422 0.963044 0.458206 
591 2 0.168812 0.792619 0.480307 
574 1 0.184269 0.813381 0.481601 
575 1 0.197366 0.827158 0.454771 
573 1 0.187484 0.829784 0.51343 
1042 2 0.49323 0.724484 0.526385 
595 2 0.237257 0.974207 0.433792 
586 1 0.230627 0.934502 0.51538 
592 2 0.194666 0.819212 0.432062 
590 1 0.207156 0.871727 0.555201 
597 2 0.229811 0.98151 0.543005 
584 1 0.23374 0.98208 0.488071 
580 1 0.236233 0.926611 0.460535 
576 1 0.217972 0.855824 0.461252 
578 1 0.209645 0.858646 0.521652 
172 2 0.0956671 0.698731 0.468772 
577 1 0.216645 0.874362 0.490467 
579 1 0.23382 0.907145 0.493298 
585 1 0.230941 0.967228 0.521451 
170 1 0.0810612 0.701545 0.449052 
807 2 0.193036 0.543132 0.565912 
239 1 0.00724554 0.985977 0.452911 
588 1 0.166982 0.827186 0.568764 
540 2 -0.00105499 0.552583 0.445066 
19 2 0.0121867 0.928948 0.56801 
581 1 0.232042 0.908377 0.430083 
804 1 0.147428 0.551895 0.583323 
805 1 0.116731 0.554655 0.580943 
808 2 0.0905851 0.561642 0.580012 
803 1 0.179219 0.549412 0.585811 
16 2 0.196563 0.918763 0.613328 
806 2 0.192187 0.555397 0.607395 
505 1 0.434802 0.60932 0.679184 
506 1 0.459698 0.592982 0.668688 
516 2 0.431819 0.622952 0.701158 
494 1 0.472951 0.571772 0.64509 
504 1 0.411995 0.607608 0.647991 
515 2 0.395178 0.62623 0.647901 
503 1 0.412047 0.579329 0.627641 
489 1 0.439992 0.556753 0.633914 
514 2 0.392509 0.573698 0.611221 
490 1 0.435822 0.52301 0.627311 
675 2 0.128983 0.698419 0.574876 
492 1 0.486717 0.509768 0.651815 
507 2 0.411036 0.51556 0.613678 
662 1 0.135477 0.721499 0.586387 
657 1 0.115143 0.751534 0.585505 
673 2 0.0911174 0.749003 0.577865 
659 1 0.15439 0.780981 0.625586 
658 1 0.123933 0.778722 0.605844 
666 1 0.161556 0.81081 0.643041 
674 2 0.108337 0.798493 0.607313 
677 2 0.141611 0.826855 0.647676 
599 2 0.150754 0.818541 0.587417 
661 1 0.166917 0.723682 0.59921 
660 1 0.17864 0.753906 0.618488 
667 1 0.191763 0.698253 0.58832 
665 1 0.195363 0.817121 0.648452 
668 1 0.223555 0.701129 0.59789 
663 1 0.212324 0.758857 0.623913 
669 1 0.234779 0.73292 0.615986 
664 1 0.218253 0.791617 0.640375 
680 2 0.256525 0.821296 0.65717 
683 2 0.285838 0.722375 0.634185 
672 1 0.26608 0.73955 0.632228 
670 1 0.250705 0.797093 0.650429 
671 1 0.273438 0.771355 0.644297 
681 1 0.310847 0.778922 0.655806 
678 2 0.181695 0.676901 0.571228 
679 2 0.241545 0.68364 0.591311 
682 1 0.337405 0.782757 0.662057 
684 2 0.361432 0.787135 0.66763 
233 1 0.156977 0.931632 0.687295 
638 1 0.113383 0.969531 0.610546 
631 1 0.0953302 0.990352 0.587701 
646 2 0.0428056 0.97342 0.603022 
630 1 0.0586463 0.990149 0.58995 
649 2 0.104113 0.951734 0.626645 
637 1 0.145323 0.977416 0.613221 
1041 2 0.487226 0.705847 0.575763 
234 1 0.181655 0.935307 0.67413 
14 1 0.217539 0.923429 0.601197 
236 2 0.204226 0.941724 0.664994 
589 1 0.186571 0.855515 0.580988 
676 2 0.202835 0.835715 0.663285 
232 1 0.129412 0.930232 0.710856 
15 2 0.26114 0.946133 0.582394 
648 2 0.158708 0.963352 0.629487 
600 2 0.191301 0.862331 0.606069 
493 1 0.496229 0.543809 0.644662 
13 1 0.240381 0.933346 0.590164 
927 1 0.426002 0.82029 0.837424 
947 2 0.401349 0.818157 0.830892 
930 1 0.493156 0.819781 0.851734 
946 2 0.426487 0.771671 0.854383 
926 1 0.441271 0.793182 0.850388 
925 1 0.475791 0.788928 0.857202 
931 1 0.49659 0.878862 0.829677 
235 2 0.0899175 0.917088 0.746156 
231 1 0.109955 0.923393 0.72938 
948 2 0.434546 0.925229 0.800283 
933 1 0.445881 0.906608 0.809663 
944 1 0.489124 0.962711 0.79161 
932 1 0.482103 0.904867 0.810894 
929 1 0.477401 0.848596 0.836988 
949 2 0.400353 0.882026 0.81373 
956 2 0.4662 0.959012 0.780133 
934 1 0.425793 0.878444 0.816678 
928 1 0.442003 0.849833 0.828463 
400 2 0.347659 0.878396 0.857065 
958 1 0.0918273 0.501259 0.931877 
979 2 0.0442172 0.501155 0.906891 
978 2 0.0877077 0.516423 0.948801 
866 2 0.0986181 0.582291 0.980284 
863 1 0.0953662 0.607904 0.985913 
864 1 0.116189 0.628061 0.978591 
865 1 0.138655 0.648161 0.969054 
868 2 0.157416 0.664937 0.965892 
84 2 0.234982 0.63369 0.958261 
82 1 0.218881 0.623601 0.974953 
1009 2 0.290733 0.759264 0.950215 
380 1 0.346636 0.901333 1.00002 
999 1 0.313777 0.799041 0.991546 
989 1 0.315404 0.751617 0.953821 
994 1 0.332522 0.773546 0.975787 
1010 2 0.322188 0.721116 0.910256 
990 1 0.333544 0.735019 0.930237 
1011 2 0.384445 0.717175 0.911863 
991 1 0.369104 0.732025 0.930268 
993 1 0.369186 0.770695 0.976511 
992 1 0.385022 0.743589 0.959554 
772 1 0.166231 0.991401 0.958692 
998 1 0.419888 0.734895 0.964672 
1013 2 0.431927 0.712189 0.955975 
997 1 0.436239 0.758144 0.985155 
1012 2 0.457359 0.750267 0.995338 
392 1 0.466226 0.871898 0.985292 
775 1 0.170389 0.984 0.993016 
110 1 0.0359897 0.948084 0.952274 
1060 3 0.0411217 0.96338 0.920666 
109 1 0.0309864 0.935841 0.980715 
995 1 0.385831 0.792684 0.998662 
778 1 0.175054 0.931654 0.942516 
1059 2 0.0538044 0.951269 0.903459 
770 1 0.168879 0.973953 0.899952 
786 2 0.17703 0.957603 0.882571 
789 2 0.175158 0.911762 0.925903 
771 1 0.170466 0.966193 0.934297 
788 2 0.186772 0.899698 0.983372 
777 1 0.179694 0.924559 0.974543 
384 1 0.329605 0.876916 0.939575 
386 1 0.312782 0.891166 0.993707 
399 2 0.301061 0.875862 0.895415 
397 2 0.277511 0.870171 0.960546 
385 1 0.301847 0.877236 0.96446 
383 1 0.36295 0.869132 0.949726 
393 1 0.448531 0.857937 0.95669 
401 2 0.401798 0.878752 0.87352 
388 1 0.35235 0.877129 0.881205 
389 1 0.385384 0.874699 0.891763 
381 1 0.369473 0.881757 0.981917 
394 1 0.417701 0.87292 0.953978 
404 2 0.460082 0.839919 0.942852 
390 1 0.391631 0.870764 0.929613 
382 1 0.400859 0.88395 0.985009 
403 2 0.491924 0.867577 0.987682 
387 1 0.32455 0.875025 0.904608 
81 1 0.2013 0.612969 0.992651 
112 2 0.0299579 0.908054 0.98339 
945 2 0.489523 0.770613 0.865195 
1014 2 0.288698 0.802799 0.984385 
867 2 0.0725344 0.616046 0.998815 
139 2 0.564315 0.168195 0.0647349 
138 1 0.56377 0.178648 0.116852 
137 1 0.562805 0.174442 0.0902981 
820 2 0.628914 0.440685 0.00758458 
425 2 0.874382 0.369612 0.12491 
245 1 0.731672 0.12714 0.0201193 
244 1 0.748736 0.156452 0.00909391 
248 2 0.699584 0.0983377 0.0531556 
246 1 0.715126 0.111246 0.0356342 
884 2 0.582676 0.300736 0.0260594 
881 1 0.592034 0.301406 0.0498553 
885 2 0.57345 0.293315 0.0679956 
413 1 0.847656 0.370157 0.12239 
424 2 0.794979 0.316773 0.0567464 
423 2 0.754449 0.334939 0.0194359 
426 2 0.844178 0.330009 0.0895408 
56 2 0.857916 0.226438 0.113409 
54 1 0.865834 0.247517 0.10399 
53 1 0.876991 0.269513 0.0919292 
55 2 0.888754 0.288292 0.0795414 
886 2 0.669419 0.33211 0.078401 
882 1 0.619995 0.313592 0.056324 
883 1 0.647623 0.325454 0.0658669 
421 1 0.715054 0.44561 0.0604615 
419 1 0.719153 0.395354 0.0239079 
418 1 0.784203 0.433752 0.14375 
414 1 0.831607 0.348158 0.101374 
431 2 0.685896 0.434985 0.0185979 
410 1 0.752454 0.394571 0.0799138 
420 1 0.705766 0.425033 0.0325864 
430 2 0.707696 0.382897 -6.63231e-05 
422 1 0.735762 0.423637 0.0760571 
432 2 0.714875 0.471257 0.0588571 
409 1 0.784442 0.387115 0.0982594 
407 1 0.784007 0.340404 0.0594427 
405 1 0.7438 0.3827 0.0464018 
411 1 0.798326 0.405793 0.126538 
406 1 0.760497 0.350746 0.0396234 
408 1 0.799924 0.359831 0.0856904 
7 2 0.678797 0.134141 0.263912 
5 1 0.671656 0.160685 0.258358 
33 1 0.842101 0.00746477 0.255711 
34 1 0.841951 0.0341963 0.256798 
36 2 0.835294 0.0576925 0.254234 
90 1 0.846332 0.137871 0.278198 
92 2 0.853702 0.113807 0.272766 
345 2 0.639696 0.174101 0.202489 
336 1 0.56182 0.264008 0.242472 
338 1 0.618537 0.246697 0.228496 
333 1 0.654213 0.193042 0.211784 
334 1 0.646695 0.230517 0.211552 
325 1 0.660365 0.285768 0.224294 
321 1 0.605546 0.307655 0.238841 
326 1 0.626381 0.280787 0.233692 
346 2 0.556459 0.312172 0.257166 
335 1 0.573467 0.297547 0.246366 
337 1 0.582312 0.240438 0.231622 
348 2 0.568449 0.219811 0.224486 
347 2 0.534338 0.259215 0.247313 
344 2 0.697732 0.172438 0.190712 
6 1 0.664299 0.188613 0.251493 
8 2 0.669077 0.211011 0.266659 
324 1 0.672041 0.31614 0.22128 
327 1 0.671803 0.256904 0.211751 
332 1 0.689834 0.194489 0.196485 
328 1 0.705885 0.254151 0.206792 
330 1 0.703471 0.315803 0.208227 
331 1 0.711648 0.220604 0.197178 
342 2 0.709944 0.341813 0.200622 
329 1 0.720275 0.286216 0.204079 
343 2 0.737417 0.21505 0.191666 
341 2 0.744237 0.289798 0.192274 
124 2 0.928685 0.18165 0.21224 
123 2 0.970917 0.248967 0.218818 
121 1 0.958732 0.226379 0.216913 
122 1 0.943195 0.204408 0.214526 
323 1 0.653768 0.347589 0.231508 
322 1 0.624638 0.342566 0.242344 
339 2 0.61049 0.362596 0.249729 
340 2 0.664528 0.370822 0.230598 
428 2 0.836022 0.441714 0.209906 
429 2 0.78111 0.472057 0.184809 
415 1 0.840282 0.408764 0.170155 
416 1 0.823255 0.435592 0.187616 
417 1 0.794798 0.450809 0.174442 
260 2 0.756066 0.498298 0.27296 
427 2 0.862715 0.401815 0.17938 
140 2 0.563811 0.182511 0.138185 
412 1 0.826116 0.390152 0.142951 
126 1 0.519226 0.0423934 0.362515 
127 2 0.552304 0.0540097 0.403436 
125 1 0.535924 0.0479416 0.382626 
700 1 0.876018 0.344226 0.370204 
709 1 0.859257 0.407732 0.388896 
89 1 0.838708 0.162382 0.28469 
623 2 0.982334 0.101821 0.312775 
613 1 0.962452 0.0811266 0.387161 
611 1 0.987892 0.100134 0.336917 
614 1 0.993524 0.0683561 0.395898 
612 1 0.960321 0.0955364 0.354344 
624 2 0.93556 0.100162 0.345565 
625 2 0.944133 0.0805403 0.404622 
91 2 0.831044 0.185815 0.291553 
702 2 0.730518 0.25241 0.338603 
701 2 0.753614 0.20045 0.355803 
686 1 0.757343 0.249777 0.339885 
685 1 0.770149 0.220896 0.353995 
687 1 0.782551 0.274371 0.329255 
690 1 0.805932 0.219801 0.361792 
688 1 0.818392 0.273511 0.339865 
691 1 0.835267 0.30381 0.345887 
694 1 0.7712 0.308557 0.319259 
705 2 0.745977 0.308907 0.313752 
693 1 0.786691 0.339019 0.321008 
699 1 0.859359 0.374352 0.363786 
703 2 0.810481 0.200063 0.376469 
689 1 0.828342 0.247391 0.363326 
695 1 0.860081 0.250564 0.380768 
697 1 0.865929 0.309976 0.362309 
706 2 0.870671 0.230423 0.391671 
696 1 0.87849 0.278894 0.377876 
707 2 0.901144 0.277948 0.388152 
250 1 0.961273 0.226007 0.362537 
251 1 0.942985 0.220574 0.33474 
252 1 0.919358 0.222255 0.31238 
254 2 0.905959 0.214576 0.291768 
249 1 0.974872 0.231868 0.391197 
692 1 0.817547 0.336559 0.339383 
698 1 0.830051 0.368065 0.346648 
704 2 0.774445 0.361519 0.313833 
708 2 0.815517 0.388698 0.339917 
710 1 0.881685 0.401756 0.408806 
711 2 0.894922 0.346135 0.387676 
712 2 0.841179 0.4301 0.389266 
253 2 0.961587 0.238903 0.412118 
880 2 0.720384 0.00728125 0.40329 
295 2 0.548676 0.145683 0.443499 
291 1 0.538969 0.163231 0.459203 
849 2 0.778642 0.0667958 0.489965 
847 1 0.725773 0.00374913 0.487065 
42 1 0.987933 0.05573 0.430845 
846 1 0.74896 0.0242089 0.480503 
845 1 0.771942 0.0467856 0.474957 
848 2 0.788721 0.0420845 0.455751 
1058 3 0.908244 0.39137 0.432231 
44 2 0.961497 0.0552032 0.438853 
131 2 0.609787 0.389499 0.478703 
1057 2 0.900693 0.375662 0.447994 
292 1 0.528814 0.180395 0.478082 
442 1 0.61425 0.178618 0.555512 
454 2 0.607338 0.16663 0.533806 
436 1 0.615975 0.214357 0.549973 
451 2 0.589147 0.276673 0.505861 
435 1 0.594853 0.230314 0.527718 
433 1 0.626919 0.277698 0.548241 
434 1 0.603703 0.264321 0.523846 
452 2 0.578933 0.219549 0.516262 
447 1 0.632039 0.312388 0.554081 
293 1 0.515654 0.207289 0.499909 
145 1 0.928582 0.254289 0.547133 
147 2 0.91417 0.247943 0.526293 
146 1 0.943187 0.26166 0.568695 
458 2 0.632311 0.329272 0.534888 
132 2 0.541355 0.425862 0.495067 
130 1 0.564862 0.415301 0.491742 
129 1 0.588157 0.402543 0.486177 
294 1 0.509122 0.229878 0.510206 
192 2 0.505708 0.452457 0.529091 
301 2 0.763243 0.116499 0.559982 
52 2 0.668401 0.480817 0.543995 
297 1 0.7775 0.135888 0.570344 
50 1 0.68587 0.482609 0.565951 
272 2 0.613372 0.380646 0.572759 
455 2 0.60773 0.149677 0.652261 
72 2 0.558613 0.05706 0.686923 
70 1 0.559496 0.0294724 0.690154 
453 2 0.615598 0.137893 0.587199 
69 1 0.563339 0.0030971 0.69357 
441 1 0.61737 0.161809 0.583817 
222 1 0.701341 0.00540433 0.671394 
221 1 0.691995 0.0315206 0.655374 
220 1 0.6861 0.0568744 0.635212 
219 1 0.680739 0.0832536 0.619591 
223 2 0.675281 0.107542 0.610115 
176 2 0.694134 0.208233 0.630368 
570 2 0.503465 0.459133 0.705098 
1055 2 0.544369 0.207735 0.692875 
303 1 0.874997 0.0957598 0.613974 
304 1 0.899496 0.0891601 0.622941 
307 2 0.856813 0.105332 0.601454 
305 1 0.93613 0.0852643 0.635923 
306 1 0.959103 0.0706629 0.640353 
308 2 0.981628 0.0595066 0.645943 
443 1 0.614365 0.173861 0.646371 
456 2 0.613025 0.194954 0.695508 
440 1 0.619706 0.183814 0.613716 
444 1 0.6159 0.199463 0.669596 
439 1 0.633419 0.215711 0.608843 
445 1 0.616195 0.233222 0.659996 
457 2 0.606098 0.250573 0.675499 
448 1 0.640764 0.322177 0.586376 
446 1 0.634341 0.242743 0.631773 
438 1 0.635068 0.262684 0.578938 
460 2 0.644162 0.313109 0.640888 
450 1 0.635852 0.273653 0.611082 
449 1 0.640706 0.305814 0.617598 
211 2 0.659739 0.259578 0.684925 
566 2 0.627262 0.337779 0.713103 
437 1 0.634668 0.230078 0.576059 
51 2 0.719136 0.49095 0.606175 
175 2 0.732512 0.205133 0.698295 
173 1 0.721342 0.202843 0.674577 
174 1 0.705848 0.207007 0.652857 
298 1 0.795064 0.153943 0.579411 
299 1 0.81773 0.180556 0.594803 
302 2 0.849819 0.21518 0.615328 
300 1 0.835711 0.198705 0.604442 
148 2 0.956645 0.268754 0.590092 
40 2 0.849195 0.320088 0.666662 
38 1 0.861308 0.317103 0.68996 
49 1 0.701908 0.484445 0.58756 
207 1 0.671499 0.265656 0.706417 
270 1 0.616727 0.403546 0.582614 
497 1 0.54124 0.494171 0.667586 
509 2 0.558224 0.478527 0.679055 
269 1 0.614926 0.425752 0.597823 
498 1 0.511269 0.48336 0.652091 
459 2 0.649949 0.348688 0.588834 
563 2 0.545012 0.424696 0.669588 
547 1 0.569293 0.381802 0.685869 
564 2 0.581671 0.386626 0.66296 
268 1 0.61511 0.459779 0.614722 
546 1 0.543238 0.405821 0.687032 
267 1 0.611754 0.4852 0.62408 
510 2 0.503719 0.458397 0.653131 
1056 3 0.55482 0.230186 0.699976 
545 1 0.518472 0.409316 0.712441 
548 1 0.574722 0.356681 0.712109 
954 2 0.556035 0.0126539 0.808264 
266 2 0.529436 0.242923 0.782396 
106 1 0.53729 0.163463 0.771362 
105 1 0.538989 0.137264 0.77846 
107 2 0.538732 0.112255 0.78133 
559 1 0.502879 0.440026 0.721381 
108 2 0.530582 0.185661 0.763521 
569 2 0.504017 0.36327 0.834424 
555 1 0.570336 0.315077 0.811234 
80 2 0.969195 0.0272455 0.805572 
78 1 0.972468 0.00198697 0.802476 
263 1 0.543259 0.243873 0.73083 
264 1 0.532886 0.256662 0.760269 
554 1 0.603992 0.33958 0.725637 
552 1 0.577083 0.329757 0.780855 
553 1 0.605022 0.325182 0.75818 
565 2 0.627698 0.313708 0.765469 
558 1 0.524002 0.36215 0.788331 
556 1 0.54411 0.325893 0.832274 
567 2 0.583625 0.296282 0.817892 
557 1 0.523406 0.352302 0.820978 
568 2 0.543603 0.312803 0.856031 
562 1 0.509577 0.387595 0.767478 
212 2 0.717498 0.308046 0.802684 
209 1 0.701394 0.27988 0.760575 
208 1 0.686903 0.267622 0.72942 
210 1 0.708851 0.294107 0.783279 
549 1 0.550441 0.362418 0.7363 
551 1 0.549989 0.349707 0.768238 
550 1 0.5248 0.385016 0.735461 
39 2 0.870362 0.307058 0.739453 
262 1 0.507872 0.283193 0.750517 
37 1 0.866884 0.312951 0.715605 
364 1 0.515601 0.070375 0.975054 
349 1 0.532517 0.0217066 0.949771 
354 1 0.551337 0.01561 0.983111 
363 1 0.520095 0.0528357 0.944028 
825 2 0.623789 0.168597 0.977957 
376 2 0.551186 0.100024 1.00433 
367 2 0.524366 0.00755928 0.901295 
365 1 0.547969 0.0777851 0.991606 
374 2 0.511847 0.0589294 0.921163 
366 1 0.565909 0.0456065 0.996418 
144 2 0.809913 0.0214765 0.955932 
143 2 0.839427 0.0930066 0.958025 
142 1 0.821227 0.0442296 0.956043 
141 1 0.831448 0.0689632 0.956353 
821 1 0.643642 0.185902 0.977249 
817 1 0.608307 0.448914 0.999657 
177 1 0.602125 0.263252 0.913791 
178 1 0.613605 0.270454 0.890012 
179 2 0.589086 0.2564 0.936593 
180 2 0.626042 0.277345 0.868168 
822 1 0.648009 0.201215 0.949351 
823 1 0.654248 0.217666 0.924261 
826 2 0.660365 0.229433 0.903238 
247 2 0.77972 0.193588 0.981668 
116 2 0.64151 0.388333 0.902405 
816 1 0.584178 0.466114 0.986501 
815 1 0.563143 0.488476 0.975697 
819 2 0.539631 0.484251 0.967888 
113 1 0.665009 0.346015 0.881691 
114 1 0.651412 0.368819 0.888964 
115 2 0.677454 0.325482 0.873798 
243 1 0.765322 0.176288 0.997557 
824 2 0.659916 0.188866 0.998139 
59 2 0.685434 0.616756 0.0318046 
74 1 0.866686 0.754904 0.00061429 
73 1 0.848272 0.737154 0.00933519 
75 2 0.829773 0.721902 0.0182203 
290 2 0.987094 0.852463 0.0624209 
369 2 0.56046 0.885193 0.00772116 
371 2 0.607663 0.887141 0.0369289 
360 1 0.629995 0.928194 0.0606046 
361 1 0.627047 0.965792 0.0601593 
359 1 0.610502 0.913778 0.037401 
372 2 0.643015 0.914862 0.078502 
362 1 0.60538 0.974904 0.0375458 
356 1 0.587523 0.932081 0.0167017 
355 1 0.585096 0.969919 0.0131278 
373 2 0.641559 0.983671 0.0766675 
286 1 0.933837 0.906915 0.0158386 
288 1 0.971148 0.868968 0.0510452 
97 1 0.744771 0.90196 0.124226 
98 1 0.766404 0.905358 0.140227 
99 2 0.725671 0.897368 0.107577 
287 1 0.95441 0.88711 0.0396251 
57 1 0.690347 0.613579 0.00516827 
357 1 0.561992 0.911305 0.00369437 
273 1 0.525893 0.589922 0.204841 
274 1 0.505303 0.604167 0.192559 
277 2 0.540435 0.571484 0.216896 
168 2 0.90143 0.90805 0.244548 
166 1 0.916468 0.907921 0.267344 
258 1 0.735469 0.510613 0.279591 
100 2 0.790863 0.901933 0.147015 
35 2 0.840866 0.98261 0.25389 
259 2 0.63289 0.561043 0.302732 
255 1 0.656872 0.552677 0.30089 
256 1 0.681253 0.543142 0.297144 
158 1 0.972298 0.588074 0.314355 
157 1 0.945612 0.587055 0.320746 
159 2 0.919925 0.587289 0.328391 
309 1 0.847047 0.733607 0.387219 
310 1 0.821475 0.734036 0.395689 
311 1 0.78545 0.722142 0.400832 
312 1 0.759305 0.714762 0.399781 
314 2 0.733374 0.710717 0.398518 
313 2 0.872095 0.734444 0.379943 
47 2 0.901232 0.782087 0.407318 
877 1 0.708328 0.989372 0.420085 
45 1 0.87948 0.773297 0.418266 
257 1 0.713367 0.524125 0.287256 
167 2 0.933215 0.911326 0.315812 
165 1 0.924254 0.909239 0.293234 
160 2 0.996862 0.592459 0.311838 
1045 2 0.586029 0.664566 0.48825 
1030 1 0.58935 0.66726 0.511717 
1029 1 0.618617 0.656102 0.52772 
1044 2 0.636088 0.641652 0.516527 
1052 2 0.650816 0.611069 0.543812 
1028 1 0.621045 0.661755 0.56371 
1040 1 0.659531 0.618353 0.566051 
1021 1 0.509334 0.698948 0.567718 
1024 1 0.562737 0.680549 0.531598 
1043 2 0.53598 0.706575 0.490347 
18 1 0.972496 0.897791 0.556229 
1022 1 0.509649 0.706669 0.53344 
1025 1 0.566061 0.68304 0.568373 
1023 1 0.539417 0.701213 0.515335 
862 2 0.596945 0.72952 0.546064 
859 1 0.580159 0.747188 0.539167 
858 1 0.559756 0.766061 0.525382 
857 1 0.535629 0.782966 0.510645 
860 2 0.541667 0.797409 0.489191 
861 2 0.511248 0.785973 0.520295 
870 1 0.742691 0.812223 0.472076 
869 1 0.721217 0.787865 0.468532 
872 2 0.700743 0.790442 0.453293 
873 2 0.726236 0.7636 0.475862 
237 1 0.998781 0.978556 0.518046 
46 1 0.857415 0.7663 0.431617 
48 2 0.83921 0.76533 0.447632 
878 2 0.672918 0.939209 0.474925 
875 1 0.69077 0.937466 0.455999 
874 2 0.773869 0.855764 0.477265 
871 1 0.760053 0.835413 0.474196 
876 1 0.702185 0.962675 0.436742 
879 2 0.70727 0.91771 0.456947 
1051 2 0.698774 0.581752 0.561917 
20 2 0.953788 0.88362 0.551012 
17 1 0.993289 0.913977 0.562372 
241 2 0.981472 0.974963 0.536563 
850 2 0.712377 0.985788 0.496937 
496 1 0.551798 0.528753 0.666041 
511 2 0.586082 0.518653 0.70527 
499 1 0.576317 0.537497 0.690622 
500 1 0.58893 0.569589 0.690661 
495 1 0.530022 0.553423 0.648708 
502 1 0.546426 0.580819 0.662883 
501 1 0.566579 0.598664 0.683148 
512 2 0.610441 0.573494 0.703757 
1035 1 0.652358 0.648351 0.617734 
271 2 0.612342 0.510076 0.632032 
1034 1 0.648643 0.646813 0.582658 
513 2 0.566282 0.625004 0.687027 
1037 1 0.672768 0.623849 0.631688 
1049 2 0.677277 0.624252 0.657632 
841 1 0.661466 0.724328 0.704579 
1038 1 0.692473 0.599781 0.614016 
1039 1 0.684236 0.59623 0.580227 
1050 2 0.713728 0.588351 0.628634 
1026 1 0.53893 0.69309 0.587481 
1031 1 0.538302 0.691627 0.622617 
1027 1 0.595455 0.670902 0.58398 
1036 1 0.625579 0.665849 0.63594 
1032 1 0.565508 0.681749 0.634854 
1048 2 0.629224 0.67885 0.657977 
1033 1 0.595817 0.670305 0.618854 
1047 2 0.562011 0.682373 0.661267 
1046 2 0.51823 0.702389 0.634767 
134 1 0.865456 0.934594 0.692757 
843 2 0.724014 0.735618 0.654689 
842 2 0.740322 0.730285 0.694453 
839 1 0.72084 0.73282 0.679712 
840 1 0.692618 0.729097 0.692551 
152 2 0.632503 0.968011 0.678259 
150 1 0.646214 0.949595 0.687036 
151 2 0.673354 0.906773 0.70257 
149 1 0.660093 0.927045 0.694651 
224 2 0.702807 0.988056 0.686453 
71 2 0.569377 0.977401 0.69708 
136 2 0.843813 0.927918 0.678132 
133 1 0.885895 0.9409 0.7091 
810 1 0.570272 0.733638 0.765137 
811 1 0.557711 0.763157 0.764922 
814 2 0.553098 0.788479 0.765566 
809 1 0.586606 0.706847 0.768087 
813 2 0.574163 0.681855 0.758472 
812 2 0.613665 0.705258 0.773599 
844 2 0.645876 0.706477 0.714603 
938 1 0.503757 0.933632 0.806955 
941 1 0.556777 0.965142 0.824051 
937 1 0.529573 0.880372 0.839285 
939 1 0.535566 0.935666 0.824378 
953 2 0.580622 0.964383 0.834553 
952 2 0.572948 0.904944 0.848688 
940 1 0.551766 0.906299 0.834727 
943 1 0.510277 0.991324 0.79152 
79 2 0.976829 0.949823 0.792969 
942 1 0.543387 0.990605 0.805583 
77 1 0.974572 0.975165 0.797404 
135 2 0.904457 0.947969 0.725774 
818 2 0.574127 0.511555 0.971401 
60 2 0.701123 0.60615 0.95494 
58 1 0.697349 0.608611 0.979597 
936 1 0.543045 0.853537 0.859074 
950 2 0.539186 0.804985 0.878056 
935 1 0.528397 0.824467 0.863697 
351 1 0.540389 0.966849 0.932747 
350 1 0.531473 0.99885 0.924638 
368 2 0.538094 0.948566 0.915308 
951 2 0.563564 0.85923 0.869691 
353 1 0.561977 0.983159 0.987389 
370 2 0.522205 0.90908 0.97552 
358 1 0.540472 0.925369 0.982228 
352 1 0.548435 0.957572 0.965874 
285 1 0.918953 0.916126 0.99431 
289 2 0.905441 0.924906 0.974409 
76 2 0.882992 0.772027 0.992219 